lat; long
0.844849; -0.077967
0.844849; -0.077967
0.844849; -0.077967
0.844849; -0.077967
0.844849; -0.077967
0.844849; -0.077967
0.844849; -0.077967
0.844849; -0.077967
0.844849; -0.077967
0.844849; -0.077967
0.844849; -0.077967
0.844849; -0.077967
0.844849; -0.077967
0.844849; -0.077967
0.844849; -0.077967
0.844849; -0.077967
0.844849; -0.077967
0.844849; -0.077967
0.844849; -0.077967
0.844849; -0.077967
0.844849; -0.077967
0.844849; -0.077967
0.844849; -0.077967
0.844849; -0.077967
0.844849; -0.077967
0.844849; -0.077967
0.844849; -0.077967
0.844849; -0.077967
0.844849; -0.077967
0.844849; -0.077967
0.844849; -0.077967
0.844849; -0.077967
0.844849; -0.077967
0.844849; -0.077967
0.844849; -0.077967
0.844849; -0.077967
0.844849; -0.077967
0.844849; -0.077967
0.844849; -0.077967
0.844849; -0.077967
0.844849; -0.077967
0.844849; -0.077967
0.844849; -0.077967
0.844849; -0.077967
0.844849; -0.077967
0.844849; -0.077967
0.844849; -0.077967
0.844849; -0.077967
0.844849; -0.077967
0.844849; -0.077967
0.844849; -0.077967
0.844849; -0.077967
0.844849; -0.077967
0.844849; -0.077967
0.844849; -0.077967
0.844849; -0.077967
0.844849; -0.077967
0.844849; -0.077967
0.844849; -0.077967
0.844849; -0.077967
0.844849; -0.077967
0.844849; -0.077967
0.844849; -0.077967
0.844849; -0.077967
0.844849; -0.077967
0.844849; -0.077967
0.844849; -0.077967
0.844849; -0.077967
0.844849; -0.077967
0.844849; -0.077967
0.844849; -0.077967
0.844849; -0.077967
0.844849; -0.077967
0.844849; -0.077967
0.844849; -0.077967
0.844849; -0.077967
0.844849; -0.077967
0.844849; -0.077967
0.844849; -0.077967
0.000000; 0.000000
0.844849; -0.077967
0.844849; -0.077967
0.844849; -0.077967
0.844849; -0.077967
0.844849; -0.077967
0.844849; -0.077967
0.844849; -0.077967
0.844849; -0.077967
0.844849; -0.077967
0.844849; -0.077967
0.844849; -0.077967
0.844849; -0.077967
0.844849; -0.077967
0.844849; -0.077967
0.844849; -0.077967
0.844849; -0.077967
0.844849; -0.077967
0.844849; -0.077967
0.844849; -0.077967
0.844849; -0.077967
0.844849; -0.077967
0.844849; -0.077967
0.844849; -0.077967
0.844849; -0.077967
0.844849; -0.077967
0.844849; -0.077967
0.844849; -0.077967
0.844849; -0.077967
0.844849; -0.077967
0.844849; -0.077967
0.844849; -0.077967
0.844849; -0.077967
0.844849; -0.077967
0.844849; -0.077967
0.000000; 0.000000
0.844848; -0.077962
0.844848; -0.077962
0.844848; -0.077962
0.844848; -0.077964
0.844848; -0.077964
0.844848; -0.077964
0.844848; -0.077964
0.844848; -0.077964
0.844848; -0.077965
0.844848; -0.077965
0.844848; -0.077965
0.844848; -0.077965
0.844848; -0.077965
0.844848; -0.077965
0.844848; -0.077965
0.844848; -0.077965
0.844848; -0.077965
0.844849; -0.077965
0.844849; -0.077965
0.844849; -0.077965
0.844849; -0.077966
0.844849; -0.077966
0.844849; -0.077966
0.844850; -0.077971
0.844850; -0.077971
0.844850; -0.077971
0.844850; -0.077971
0.844850; -0.077971
0.844850; -0.077971
0.844850; -0.077971
0.844850; -0.077971
0.844850; -0.077971
0.844850; -0.077971
0.844850; -0.077971
0.844850; -0.077971
0.844850; -0.077971
0.844850; -0.077971
0.844850; -0.077971
0.844850; -0.077971
0.844850; -0.077971
0.844850; -0.077971
0.844850; -0.077971
0.844850; -0.077971
0.844850; -0.077971
0.844850; -0.077971
0.844850; -0.077971
0.844850; -0.077971
0.844850; -0.077971
0.844850; -0.077971
0.844850; -0.077971
0.844850; -0.077971
0.844850; -0.077971
0.844850; -0.077971
0.844850; -0.077971
0.844850; -0.077971
0.844850; -0.077971
0.844850; -0.077971
0.844850; -0.077971
0.844850; -0.077971
0.844850; -0.077971
0.844850; -0.077971
0.844850; -0.077971
0.844850; -0.077971
0.844850; -0.077971
0.844850; -0.077971
0.844850; -0.077971
0.844850; -0.077971
0.844850; -0.077971
0.844850; -0.077971
0.844850; -0.077971
0.844850; -0.077971
0.844850; -0.077971
0.844850; -0.077971
0.844850; -0.077971
0.844850; -0.077971
0.844850; -0.077971
0.844850; -0.077971
0.844850; -0.077971
0.844850; -0.077971
0.844850; -0.077971
0.844850; -0.077971
0.844850; -0.077971
0.844850; -0.077971
0.844850; -0.077971
0.844850; -0.077971
0.844850; -0.077971
0.844850; -0.077971
0.844850; -0.077971
0.844850; -0.077971
0.844850; -0.077971
0.844850; -0.077971
0.844850; -0.077971
0.844850; -0.077971
0.844850; -0.077971
0.844850; -0.077971
0.844850; -0.077971
0.844850; -0.077971
0.844850; -0.077971
0.844850; -0.077971
0.844850; -0.077971
0.844850; -0.077971
0.844850; -0.077971
0.844850; -0.077971
0.844850; -0.077971
0.844850; -0.077971
0.844850; -0.077971
0.844850; -0.077971
0.844850; -0.077971
0.844850; -0.077971
0.844850; -0.077971
0.844850; -0.077971
0.844850; -0.077971
0.844850; -0.077971
0.844850; -0.077971
0.844850; -0.077971
0.844850; -0.077971
0.844850; -0.077971
0.844850; -0.077971
0.844850; -0.077971
0.844850; -0.077971
0.844850; -0.077971
0.844850; -0.077971
0.844850; -0.077971
0.844850; -0.077971
0.844850; -0.077971
0.844850; -0.077971
0.844850; -0.077971
0.844850; -0.077971
0.844850; -0.077971
0.844850; -0.077971
0.844850; -0.077971
0.844849; -0.077965
0.844849; -0.077965
0.844849; -0.077965
0.844849; -0.077965
0.844849; -0.077965
0.844849; -0.077965
0.844849; -0.077965
0.844849; -0.077965
0.844849; -0.077965
0.844849; -0.077965
0.844849; -0.077965
0.844849; -0.077965
0.844849; -0.077965
0.844849; -0.077965
0.844849; -0.077965
0.844849; -0.077965
0.844849; -0.077965
0.844849; -0.077965
0.844849; -0.077965
0.844849; -0.077965
0.844849; -0.077965
0.844849; -0.077965
0.844849; -0.077965
0.844849; -0.077965
0.844849; -0.077965
0.844849; -0.077965
0.844849; -0.077965
0.844849; -0.077965
0.844849; -0.077965
0.844849; -0.077965
0.844849; -0.077965
0.844849; -0.077965
0.844849; -0.077965
0.844849; -0.077965
0.844849; -0.077965
0.844849; -0.077965
0.844849; -0.077965
0.844849; -0.077965
0.844849; -0.077965
0.844849; -0.077965
0.844849; -0.077965
0.844849; -0.077965
0.844849; -0.077965
0.844849; -0.077965
0.844849; -0.077965
0.844849; -0.077965
0.844849; -0.077965
0.844849; -0.077965
0.844849; -0.077965
0.844849; -0.077965
0.844849; -0.077965
0.844849; -0.077965
0.844849; -0.077965
0.844849; -0.077965
0.844849; -0.077965
0.844849; -0.077965
0.844849; -0.077965
0.844849; -0.077965
0.844849; -0.077965
0.844849; -0.077965
0.844849; -0.077965
0.844849; -0.077965
0.844849; -0.077965
0.844849; -0.077965
0.844849; -0.077965
0.844849; -0.077965
0.844849; -0.077965
0.844849; -0.077965
0.844849; -0.077965
0.844849; -0.077965
0.844849; -0.077965
0.844849; -0.077965
0.844849; -0.077965
0.844849; -0.077965
0.844849; -0.077965
0.844849; -0.077965
0.844849; -0.077965
0.844849; -0.077965
0.844849; -0.077965
0.844849; -0.077965
0.844849; -0.077965
0.844849; -0.077965
0.844849; -0.077965
0.844849; -0.077965
0.844849; -0.077965
0.844849; -0.077965
0.844849; -0.077965
0.844849; -0.077965
0.844849; -0.077965
0.844849; -0.077965
0.844849; -0.077965
0.844849; -0.077965
0.844849; -0.077965
0.844849; -0.077965
0.844849; -0.077965
0.844849; -0.077965
0.844849; -0.077965
0.844849; -0.077965
0.844849; -0.077965
0.844849; -0.077965
0.844849; -0.077965
0.844849; -0.077965
0.844849; -0.077965
0.844849; -0.077965
0.844849; -0.077965
0.844849; -0.077965
0.844849; -0.077965
0.844849; -0.077965
0.844849; -0.077965
0.844849; -0.077965
0.844849; -0.077965
0.844849; -0.077965
0.844849; -0.077965
0.844849; -0.077965
0.844849; -0.077965
0.844849; -0.077965
0.844849; -0.077965
0.844849; -0.077965
0.844849; -0.077965
0.844849; -0.077965
0.844849; -0.077965
0.844849; -0.077965
0.844849; -0.077965
0.844849; -0.077965
0.844849; -0.077965
0.844849; -0.077965
0.844849; -0.077965
0.844849; -0.077965
0.844849; -0.077965
0.844849; -0.077965
0.844849; -0.077965
0.844849; -0.077965
0.844849; -0.077965
0.844849; -0.077965
0.844849; -0.077965
0.844849; -0.077965
0.844849; -0.077965
0.844849; -0.077965
0.844849; -0.077965
0.844849; -0.077965
0.844849; -0.077965
0.844849; -0.077965
0.844849; -0.077965
0.844849; -0.077965
0.844849; -0.077965
0.844849; -0.077965
0.844849; -0.077965
0.844849; -0.077965
0.844849; -0.077965
0.844849; -0.077965
0.844849; -0.077965
0.844849; -0.077965
0.844849; -0.077965
0.844849; -0.077965
0.844849; -0.077965
0.844849; -0.077965
0.844849; -0.077965
0.844849; -0.077965
0.844849; -0.077965
0.844849; -0.077965
0.844849; -0.077965
0.844849; -0.077965
0.844849; -0.077965
0.844849; -0.077965
0.844849; -0.077965
0.844849; -0.077965
0.844849; -0.077965
0.844849; -0.077965
0.844849; -0.077965
0.844849; -0.077965
0.844849; -0.077965
0.844849; -0.077965
0.844849; -0.077965
0.844849; -0.077965
0.844849; -0.077965
0.844849; -0.077965
0.844849; -0.077965
0.844849; -0.077965
0.844849; -0.077965
0.844849; -0.077965
0.844849; -0.077965
0.844849; -0.077965
0.844849; -0.077965
0.844849; -0.077965
0.844849; -0.077965
0.844849; -0.077965
0.844849; -0.077965
0.844849; -0.077965
0.844849; -0.077965
0.844849; -0.077965
0.844849; -0.077965
0.844849; -0.077965
0.844849; -0.077965
0.844849; -0.077965
0.844849; -0.077965
0.844849; -0.077965
0.844849; -0.077965
0.844849; -0.077965
0.844849; -0.077965
0.844849; -0.077965
0.844849; -0.077965
0.844849; -0.077965
0.844849; -0.077965
0.844849; -0.077965
0.844849; -0.077965
0.844849; -0.077965
0.844849; -0.077965
0.844849; -0.077965
0.844849; -0.077965
0.844849; -0.077965
0.844849; -0.077965
0.844849; -0.077965
0.844849; -0.077965
0.844849; -0.077965
0.844849; -0.077965
0.844849; -0.077965
0.844849; -0.077965
0.000000; 0.000000
0.844849; -0.077967
0.844849; -0.077967
0.844849; -0.077967
0.844849; -0.077967
0.844849; -0.077967
0.844849; -0.077967
0.844849; -0.077967
0.844849; -0.077967
0.844849; -0.077967
0.844849; -0.077967
0.844849; -0.077967
0.844849; -0.077967
0.844849; -0.077967
0.844849; -0.077967
0.844849; -0.077967
0.844849; -0.077967
0.844849; -0.077967
0.844849; -0.077967
0.844849; -0.077967
0.844849; -0.077967
0.844849; -0.077967
0.844849; -0.077967
0.844849; -0.077967
0.844849; -0.077967
0.844849; -0.077967
0.844849; -0.077967
0.844849; -0.077967
0.844849; -0.077967
0.844849; -0.077967
0.844849; -0.077967
0.844849; -0.077967
0.844849; -0.077967
0.844849; -0.077967
0.844849; -0.077967
0.844849; -0.077967
0.844849; -0.077967
0.844849; -0.077966
0.844849; -0.077966
0.844849; -0.077966
0.844849; -0.077966
0.844849; -0.077966
0.844849; -0.077966
0.844849; -0.077966
0.844849; -0.077966
0.844849; -0.077966
0.844849; -0.077966
0.844849; -0.077966
0.844849; -0.077966
0.844849; -0.077966
0.844849; -0.077966
0.844849; -0.077966
0.844849; -0.077966
0.844849; -0.077966
0.844849; -0.077966
0.844849; -0.077966
0.844849; -0.077966
0.844849; -0.077966
0.844849; -0.077966
0.844849; -0.077966
0.844849; -0.077966
0.844849; -0.077966
0.844849; -0.077966
0.844849; -0.077966
0.844849; -0.077966
0.844849; -0.077966
0.844849; -0.077966
0.844849; -0.077966
0.844849; -0.077966
0.844849; -0.077966
0.844849; -0.077966
0.844849; -0.077966
0.844849; -0.077966
0.844849; -0.077966
0.844849; -0.077966
0.844849; -0.077966
0.844849; -0.077966
0.844849; -0.077966
0.844849; -0.077966
0.844849; -0.077966
0.844849; -0.077966
0.844849; -0.077966
0.844849; -0.077966
0.844849; -0.077966
0.844849; -0.077966
0.844849; -0.077966
0.844849; -0.077966
0.844849; -0.077966
0.844849; -0.077966
0.844849; -0.077966
0.844849; -0.077966
0.844849; -0.077966
0.844849; -0.077966
0.844849; -0.077966
0.844849; -0.077966
0.844849; -0.077966
0.844849; -0.077966
0.844849; -0.077966
0.844849; -0.077966
0.844849; -0.077966
0.844849; -0.077966
0.844849; -0.077966
0.844849; -0.077966
0.844849; -0.077966
0.844849; -0.077966
0.844849; -0.077966
0.844849; -0.077966
0.844849; -0.077966
0.844849; -0.077966
0.844849; -0.077966
0.844849; -0.077966
0.844849; -0.077966
0.844849; -0.077966
0.844849; -0.077966
0.844849; -0.077966
0.844849; -0.077966
0.844849; -0.077966
0.844849; -0.077966
0.844849; -0.077966
0.844849; -0.077966
0.844849; -0.077966
0.844849; -0.077966
0.844849; -0.077966
0.844849; -0.077966
0.844849; -0.077966
0.844849; -0.077966
0.844849; -0.077966
0.844849; -0.077966
0.844849; -0.077966
0.844849; -0.077966
0.844849; -0.077966
0.844849; -0.077966
0.844849; -0.077966
0.844849; -0.077966
0.844849; -0.077966
0.844849; -0.077966
0.844849; -0.077966
0.844849; -0.077966
0.844849; -0.077966
0.844849; -0.077966
0.844849; -0.077966
0.844849; -0.077966
0.844849; -0.077966
0.844849; -0.077966
0.844849; -0.077966
0.844849; -0.077966
0.844849; -0.077966
0.844849; -0.077966
0.844849; -0.077966
0.844849; -0.077966
0.844849; -0.077966
0.844849; -0.077966
0.844849; -0.077966
0.844849; -0.077966
0.844849; -0.077966
0.844849; -0.077966
0.844849; -0.077966
0.844849; -0.077966
0.844849; -0.077966
0.844849; -0.077966
0.844849; -0.077966
0.844849; -0.077966
0.844849; -0.077966
0.844849; -0.077966
0.844849; -0.077966
0.844849; -0.077966
0.844849; -0.077966
0.844849; -0.077966
0.844849; -0.077966
0.844849; -0.077966
0.844849; -0.077966
0.844849; -0.077966
0.844849; -0.077966
0.844849; -0.077966
0.844849; -0.077966
0.844849; -0.077966
0.844849; -0.077966
0.844849; -0.077966
0.844849; -0.077966
0.844849; -0.077966
0.844849; -0.077966
0.844849; -0.077966
0.844849; -0.077966
0.844849; -0.077966
0.844849; -0.077966
0.844849; -0.077966
0.844849; -0.077966
0.844849; -0.077966
0.844849; -0.077966
0.844849; -0.077966
0.844849; -0.077966
0.844849; -0.077966
0.844849; -0.077966
0.844849; -0.077966
0.844849; -0.077966
0.844849; -0.077966
0.844849; -0.077966
0.844849; -0.077966
0.844849; -0.077966
0.844849; -0.077966
0.844849; -0.077966
0.844849; -0.077966
0.844849; -0.077966
0.844849; -0.077966
0.844849; -0.077966
0.844849; -0.077966
0.844849; -0.077966
0.844849; -0.077966
0.844849; -0.077966
0.844849; -0.077966
0.844849; -0.077966
0.844849; -0.077966
0.844849; -0.077966
0.844849; -0.077966
0.844849; -0.077966
0.844849; -0.077966
0.844849; -0.077966
0.844849; -0.077966
0.844849; -0.077966
0.844849; -0.077966
0.844849; -0.077966
0.844849; -0.077966
0.844849; -0.077966
0.844849; -0.077966
0.844849; -0.077966
0.844849; -0.077966
0.844849; -0.077966
0.844849; -0.077966
0.844849; -0.077966
0.844849; -0.077966
0.844849; -0.077966
0.844849; -0.077966
0.844849; -0.077966
0.844849; -0.077966
0.844849; -0.077966
0.844849; -0.077966
0.844849; -0.077966
0.844849; -0.077966
0.844849; -0.077966
0.844849; -0.077966
0.844849; -0.077966
0.844849; -0.077966
0.844849; -0.077966
0.844849; -0.077966
0.844849; -0.077966
0.844849; -0.077966
0.844849; -0.077966
0.844849; -0.077966
0.844849; -0.077966
0.844849; -0.077966
0.844849; -0.077966
0.844849; -0.077966
0.844849; -0.077966
0.844849; -0.077966
0.844849; -0.077966
0.844849; -0.077966
0.844849; -0.077966
0.844849; -0.077966
0.844849; -0.077966
0.844849; -0.077966
0.844849; -0.077966
0.844849; -0.077966
0.844849; -0.077966
0.844849; -0.077966
0.844849; -0.077966
0.844849; -0.077966
0.844849; -0.077966
0.844849; -0.077966
0.844849; -0.077966
0.844849; -0.077966
0.844849; -0.077966
0.844849; -0.077966
0.844849; -0.077966
0.844849; -0.077966
0.844849; -0.077966
0.844849; -0.077966
0.844849; -0.077966
0.844849; -0.077966
0.844849; -0.077966
0.844849; -0.077966
0.844849; -0.077966
0.844849; -0.077966
0.844849; -0.077966
0.844849; -0.077966
0.844849; -0.077966
0.844849; -0.077966
0.844849; -0.077966
0.844849; -0.077966
0.844849; -0.077966
0.844849; -0.077966
0.844849; -0.077966
0.844849; -0.077966
0.844849; -0.077966
0.844849; -0.077966
0.844849; -0.077966
0.844849; -0.077966
0.844849; -0.077966
0.844849; -0.077966
0.844849; -0.077966
0.844849; -0.077966
0.844849; -0.077966
0.844849; -0.077966
0.844849; -0.077966
0.844849; -0.077966
0.844849; -0.077966
0.844849; -0.077966
0.844849; -0.077966
0.844849; -0.077966
0.844849; -0.077966
0.844849; -0.077966
0.844849; -0.077966
0.844849; -0.077966
0.844849; -0.077966
0.844849; -0.077966
0.844849; -0.077966
0.844849; -0.077966
0.844849; -0.077966
0.844849; -0.077966
0.844849; -0.077966
0.844849; -0.077966
0.844849; -0.077966
0.844849; -0.077966
0.844849; -0.077966
0.844849; -0.077966
0.844849; -0.077966
0.844849; -0.077966
0.844849; -0.077966
0.844849; -0.077966
0.844849; -0.077966
0.844849; -0.077966
0.844849; -0.077966
0.844849; -0.077966
0.844849; -0.077966
0.844849; -0.077966
0.844849; -0.077966
0.844849; -0.077966
0.844849; -0.077966
0.844849; -0.077966
0.844849; -0.077966
0.844849; -0.077966
0.844849; -0.077966
0.844849; -0.077966
0.844849; -0.077966
0.844849; -0.077966
0.844849; -0.077966
0.844849; -0.077966
0.844849; -0.077966
0.844849; -0.077966
0.844849; -0.077966
0.844849; -0.077966
0.844849; -0.077966
0.844849; -0.077966
0.844849; -0.077966
0.844849; -0.077966
0.844849; -0.077966
0.844849; -0.077966
0.844849; -0.077966
0.844849; -0.077966
0.844849; -0.077966
0.844849; -0.077966
0.844849; -0.077966
0.844849; -0.077966
0.844849; -0.077966
0.844849; -0.077966
0.844849; -0.077966
0.844849; -0.077966
0.844849; -0.077966
0.844849; -0.077966
0.844849; -0.077966
0.844849; -0.077966
0.844849; -0.077966
0.844849; -0.077966
0.844849; -0.077966
0.844849; -0.077966
0.844849; -0.077966
0.844849; -0.077966
0.844849; -0.077966
0.844849; -0.077966
0.844849; -0.077966
0.844849; -0.077966
0.844849; -0.077966
0.844849; -0.077966
0.844849; -0.077966
0.844849; -0.077966
0.844849; -0.077966
0.844849; -0.077966
0.844849; -0.077966
0.844849; -0.077966
0.844849; -0.077966
0.844849; -0.077966
0.844849; -0.077966
0.844849; -0.077966
0.844849; -0.077966
0.844849; -0.077966
0.844849; -0.077966
0.844849; -0.077966
0.844849; -0.077966
0.844849; -0.077966
0.844849; -0.077966
0.844849; -0.077966
0.844849; -0.077966
0.844849; -0.077966
0.844849; -0.077966
0.844849; -0.077966
0.844849; -0.077966
0.844849; -0.077966
0.844849; -0.077966
0.844849; -0.077966
0.844849; -0.077966
0.844849; -0.077966
0.844849; -0.077966
0.844849; -0.077966
0.844849; -0.077966
0.844849; -0.077966
0.844849; -0.077966
0.844849; -0.077967
0.844849; -0.077967
0.844849; -0.077967
0.844849; -0.077967
0.844849; -0.077967
0.844849; -0.077967
0.844849; -0.077967
0.844849; -0.077967
0.844849; -0.077967
0.844849; -0.077967
0.844849; -0.077967
0.844849; -0.077967
0.844849; -0.077967
0.844849; -0.077967
0.844849; -0.077967
0.844849; -0.077967
0.844849; -0.077967
0.844849; -0.077967
0.844849; -0.077967
0.844849; -0.077967
0.844849; -0.077967
0.844849; -0.077967
0.844849; -0.077967
0.844849; -0.077967
0.844849; -0.077967
0.844849; -0.077967
0.844849; -0.077967
0.844849; -0.077967
0.844849; -0.077967
0.844849; -0.077967
0.844849; -0.077967
0.844849; -0.077967
0.844849; -0.077967
0.844849; -0.077967
0.844849; -0.077967
0.844849; -0.077967
0.844849; -0.077967
0.844849; -0.077967
0.844849; -0.077967
0.844849; -0.077967
0.844849; -0.077967
0.844849; -0.077967
0.844849; -0.077967
0.844849; -0.077967
0.844849; -0.077967
0.844849; -0.077967
0.844849; -0.077967
0.844849; -0.077967
0.844849; -0.077967
0.844849; -0.077967
0.844849; -0.077967
0.844849; -0.077967
0.844849; -0.077967
0.844849; -0.077967
0.844849; -0.077967
0.844849; -0.077967
0.844849; -0.077967
0.844849; -0.077967
0.844849; -0.077967
0.844849; -0.077967
0.844849; -0.077967
0.844849; -0.077967
0.844849; -0.077967
0.844849; -0.077967
0.844849; -0.077967
0.844849; -0.077967
0.844849; -0.077967
0.844849; -0.077967
0.844849; -0.077967
0.844849; -0.077967
0.844849; -0.077967
0.844849; -0.077967
0.844849; -0.077967
0.844849; -0.077967
0.844849; -0.077967
0.844849; -0.077967
0.844849; -0.077967
0.844849; -0.077967
0.844849; -0.077967
0.844849; -0.077967
0.844849; -0.077967
0.844849; -0.077967
0.844849; -0.077967
0.844849; -0.077967
0.844849; -0.077967
0.844849; -0.077967
0.844849; -0.077967
0.844849; -0.077967
0.844849; -0.077967
0.844849; -0.077967
0.844849; -0.077967
0.844849; -0.077967
0.844849; -0.077967
0.844849; -0.077967
0.844849; -0.077968
0.844849; -0.077968
0.844849; -0.077968
0.844849; -0.077968
0.844849; -0.077968
0.844849; -0.077968
0.844849; -0.077968
0.844849; -0.077968
0.844849; -0.077968
0.844849; -0.077968
0.844849; -0.077968
0.844849; -0.077968
0.844849; -0.077968
0.844849; -0.077968
0.844849; -0.077968
0.844849; -0.077968
0.844849; -0.077968
0.844849; -0.077968
0.844849; -0.077968
0.844849; -0.077968
0.844849; -0.077968
0.844849; -0.077968
0.844849; -0.077968
0.844849; -0.077968
0.844849; -0.077968
0.844850; -0.077968
0.844850; -0.077968
0.844850; -0.077968
0.844850; -0.077968
0.844850; -0.077968
0.844850; -0.077968
0.844850; -0.077968
0.844850; -0.077968
0.844850; -0.077968
0.844850; -0.077968
0.844850; -0.077968
0.844850; -0.077968
0.844850; -0.077968
0.844850; -0.077968
0.844850; -0.077968
0.844850; -0.077968
0.844850; -0.077968
0.844850; -0.077968
0.844850; -0.077968
0.844850; -0.077968
0.844850; -0.077968
0.844850; -0.077968
0.844850; -0.077968
0.844850; -0.077968
0.844850; -0.077968
0.844850; -0.077968
0.844850; -0.077968
0.844850; -0.077968
0.844850; -0.077968
0.844850; -0.077968
0.844850; -0.077968
0.844850; -0.077969
0.844850; -0.077969
0.844850; -0.077969
0.844850; -0.077969
0.844850; -0.077969
0.844850; -0.077969
0.844850; -0.077969
0.844850; -0.077969
0.844850; -0.077969
0.844850; -0.077969
0.844850; -0.077969
0.844850; -0.077969
0.844850; -0.077969
0.844850; -0.077969
0.844850; -0.077969
0.844850; -0.077969
0.844850; -0.077969
0.844850; -0.077969
0.844850; -0.077969
0.844850; -0.077969
0.844850; -0.077969
0.844850; -0.077969
0.844850; -0.077969
0.844850; -0.077969
0.844850; -0.077969
0.844850; -0.077969
0.844850; -0.077969
0.844850; -0.077969
0.844850; -0.077969
0.844850; -0.077969
0.844850; -0.077969
0.844850; -0.077969
0.844850; -0.077969
0.844850; -0.077969
0.844850; -0.077969
0.844850; -0.077969
0.844850; -0.077969
0.844850; -0.077969
0.844850; -0.077969
0.844850; -0.077969
0.844850; -0.077969
0.844850; -0.077969
0.844850; -0.077969
0.844850; -0.077969
0.844850; -0.077969
0.844850; -0.077969
0.844850; -0.077969
0.844850; -0.077969
0.844850; -0.077969
0.844850; -0.077969
0.844850; -0.077969
0.844850; -0.077969
0.844850; -0.077969
0.844850; -0.077969
0.844850; -0.077969
0.844850; -0.077969
0.844850; -0.077970
0.844850; -0.077970
0.844850; -0.077970
0.844850; -0.077970
0.844850; -0.077970
0.844850; -0.077970
0.844850; -0.077970
0.844850; -0.077970
0.844850; -0.077970
0.844850; -0.077970
0.844850; -0.077970
0.844850; -0.077970
0.844850; -0.077970
0.844850; -0.077970
0.844850; -0.077970
0.844850; -0.077970
0.844850; -0.077970
0.844850; -0.077970
0.844850; -0.077970
0.844850; -0.077970
0.844850; -0.077970
0.844850; -0.077970
0.844850; -0.077970
0.844850; -0.077970
0.844850; -0.077970
0.844850; -0.077970
0.844850; -0.077970
0.844850; -0.077970
0.844850; -0.077970
0.844850; -0.077970
0.844850; -0.077970
0.844850; -0.077970
0.844850; -0.077970
0.844850; -0.077970
0.844850; -0.077970
0.844850; -0.077970
0.844850; -0.077970
0.844850; -0.077970
0.844850; -0.077970
0.844850; -0.077970
0.844850; -0.077970
0.844850; -0.077970
0.844850; -0.077970
0.844850; -0.077970
0.844850; -0.077970
0.844850; -0.077970
0.844850; -0.077970
0.844850; -0.077970
0.844850; -0.077970
0.844850; -0.077970
0.844850; -0.077970
0.844850; -0.077970
0.844850; -0.077970
0.844850; -0.077970
0.844850; -0.077970
0.844850; -0.077970
0.844850; -0.077970
0.844850; -0.077970
0.844850; -0.077970
0.844850; -0.077970
0.844850; -0.077970
0.844850; -0.077970
0.844850; -0.077970
0.844850; -0.077970
0.844850; -0.077970
0.844850; -0.077970
0.844850; -0.077970
0.844850; -0.077970
0.844850; -0.077970
0.844850; -0.077970
0.844850; -0.077970
0.844850; -0.077970
0.844850; -0.077970
0.844850; -0.077970
0.844850; -0.077970
0.844850; -0.077970
0.844850; -0.077970
0.844850; -0.077970
0.844850; -0.077970
0.844850; -0.077970
0.844850; -0.077970
0.844850; -0.077970
0.844850; -0.077970
0.844850; -0.077970
0.844850; -0.077970
0.844850; -0.077970
0.844850; -0.077970
0.844850; -0.077970
0.844850; -0.077970
0.844850; -0.077970
0.844850; -0.077970
0.844850; -0.077970
0.844850; -0.077970
0.844850; -0.077970
0.844850; -0.077970
0.844850; -0.077970
0.844850; -0.077970
0.844850; -0.077970
0.844850; -0.077970
0.844850; -0.077970
0.844850; -0.077970
0.844850; -0.077970
0.844850; -0.077970
0.844850; -0.077970
0.844850; -0.077970
0.844850; -0.077970
0.844850; -0.077970
0.844850; -0.077970
0.844850; -0.077970
0.844850; -0.077970
0.844850; -0.077970
0.844850; -0.077970
0.844850; -0.077970
0.844850; -0.077970
0.844850; -0.077970
0.844850; -0.077970
0.844850; -0.077970
0.844850; -0.077970
0.844850; -0.077970
0.844850; -0.077970
0.844850; -0.077970
0.844850; -0.077970
0.844850; -0.077970
0.844850; -0.077970
0.844850; -0.077970
0.844850; -0.077970
0.844850; -0.077970
0.844850; -0.077970
0.844850; -0.077970
0.844850; -0.077970
0.844850; -0.077970
0.844850; -0.077970
0.844850; -0.077970
0.844850; -0.077970
0.844850; -0.077970
0.844850; -0.077970
0.844850; -0.077970
0.844850; -0.077970
0.844850; -0.077970
0.844850; -0.077970
0.844850; -0.077970
0.844850; -0.077970
0.844850; -0.077970
0.844850; -0.077970
0.844849; -0.077970
0.844849; -0.077970
0.844849; -0.077970
0.844849; -0.077970
0.844849; -0.077970
0.844849; -0.077970
0.844849; -0.077970
0.844849; -0.077970
0.844849; -0.077970
0.844849; -0.077970
0.844849; -0.077970
0.844849; -0.077970
0.844849; -0.077970
0.844849; -0.077970
0.844849; -0.077970
0.844849; -0.077970
0.844849; -0.077970
0.844849; -0.077970
0.844849; -0.077970
0.844849; -0.077970
0.844849; -0.077970
0.844849; -0.077970
0.844849; -0.077970
0.844849; -0.077970
0.844849; -0.077970
0.844849; -0.077970
0.844849; -0.077971
0.844849; -0.077971
0.844849; -0.077971
0.844849; -0.077971
0.844849; -0.077971
0.844849; -0.077971
0.844849; -0.077971
0.844849; -0.077971
0.844849; -0.077971
0.844849; -0.077971
0.844849; -0.077971
0.844849; -0.077971
0.844849; -0.077971
0.844849; -0.077971
0.844849; -0.077971
0.844849; -0.077971
0.844849; -0.077971
0.844849; -0.077971
0.844849; -0.077971
0.844849; -0.077971
0.844849; -0.077971
0.844849; -0.077971
0.844849; -0.077971
0.844849; -0.077971
0.844849; -0.077971
0.844849; -0.077971
0.844849; -0.077971
0.844849; -0.077971
0.844849; -0.077971
0.844849; -0.077971
0.844849; -0.077971
0.844849; -0.077971
0.844849; -0.077971
0.844849; -0.077971
0.844849; -0.077971
0.844849; -0.077971
0.844849; -0.077971
0.844849; -0.077971
0.844849; -0.077971
0.844849; -0.077971
0.844849; -0.077971
0.844849; -0.077971
0.844849; -0.077971
0.844849; -0.077971
0.844849; -0.077971
0.844849; -0.077971
0.844849; -0.077971
0.844849; -0.077971
0.844849; -0.077971
0.844849; -0.077971
0.844849; -0.077971
0.844849; -0.077971
0.844849; -0.077971
0.844849; -0.077971
0.844849; -0.077971
0.844849; -0.077971
0.844849; -0.077971
0.844849; -0.077971
0.844849; -0.077971
0.844849; -0.077971
0.844849; -0.077971
0.844849; -0.077971
0.844849; -0.077971
0.844849; -0.077971
0.844849; -0.077971
0.844849; -0.077971
0.844849; -0.077971
0.844849; -0.077971
0.844849; -0.077971
0.844849; -0.077971
0.844849; -0.077971
0.844849; -0.077971
0.844849; -0.077971
0.844849; -0.077971
0.844849; -0.077971
0.844849; -0.077971
0.844849; -0.077971
0.844849; -0.077971
0.844849; -0.077971
0.844849; -0.077971
0.844849; -0.077971
0.844849; -0.077971
0.844849; -0.077971
0.844849; -0.077971
0.844849; -0.077971
0.844849; -0.077971
0.844849; -0.077971
0.844849; -0.077971
0.844849; -0.077971
0.844849; -0.077971
0.844849; -0.077971
0.844849; -0.077971
0.844849; -0.077971
0.844849; -0.077971
0.844849; -0.077971
0.844849; -0.077972
0.844849; -0.077972
0.844849; -0.077972
0.844849; -0.077972
0.844849; -0.077972
0.844849; -0.077972
0.844849; -0.077972
0.844849; -0.077972
0.844849; -0.077972
0.844849; -0.077972
0.844849; -0.077972
0.844849; -0.077972
0.844849; -0.077972
0.844849; -0.077972
0.844849; -0.077972
0.844849; -0.077972
0.844849; -0.077972
0.844849; -0.077972
0.844849; -0.077972
0.844849; -0.077972
0.844849; -0.077972
0.844849; -0.077972
0.844849; -0.077972
0.844849; -0.077972
0.844850; -0.077972
0.844850; -0.077972
0.844850; -0.077972
0.844850; -0.077972
0.844850; -0.077972
0.844850; -0.077972
0.844850; -0.077972
0.844850; -0.077972
0.844850; -0.077972
0.844850; -0.077972
0.844850; -0.077972
0.844850; -0.077972
0.844850; -0.077972
0.844850; -0.077972
0.844850; -0.077972
0.844850; -0.077972
0.844850; -0.077972
0.844850; -0.077972
0.844850; -0.077972
0.844850; -0.077972
0.844850; -0.077972
0.844850; -0.077972
0.844850; -0.077972
0.844850; -0.077972
0.844850; -0.077972
0.844850; -0.077972
0.844850; -0.077972
0.844850; -0.077972
0.844850; -0.077972
0.844850; -0.077972
0.844850; -0.077972
0.844850; -0.077972
0.844850; -0.077972
0.844850; -0.077972
0.844850; -0.077972
0.844850; -0.077972
0.844850; -0.077972
0.844850; -0.077972
0.844850; -0.077972
0.844850; -0.077972
0.844850; -0.077972
0.844850; -0.077972
0.844850; -0.077972
0.844850; -0.077972
0.844850; -0.077972
0.844850; -0.077972
0.844850; -0.077972
0.844850; -0.077972
0.844850; -0.077972
0.844850; -0.077972
0.844850; -0.077972
0.844850; -0.077972
0.844850; -0.077972
0.844850; -0.077972
0.844850; -0.077972
0.844850; -0.077972
0.844850; -0.077972
0.844850; -0.077972
0.844850; -0.077972
0.844850; -0.077972
0.844850; -0.077972
0.844850; -0.077972
0.844850; -0.077972
0.844850; -0.077972
0.844850; -0.077972
0.844850; -0.077972
0.844850; -0.077972
0.844850; -0.077972
0.844850; -0.077972
0.844850; -0.077972
0.844850; -0.077972
0.844850; -0.077972
0.844850; -0.077972
0.844850; -0.077972
0.844850; -0.077972
0.844850; -0.077972
0.844850; -0.077972
0.844850; -0.077972
0.844850; -0.077972
0.844850; -0.077971
0.844850; -0.077971
0.844850; -0.077971
0.844850; -0.077971
0.844850; -0.077971
0.844850; -0.077971
0.844850; -0.077971
0.844850; -0.077971
0.844850; -0.077971
0.844850; -0.077971
0.844850; -0.077971
0.844850; -0.077971
0.844850; -0.077971
0.844850; -0.077971
0.844850; -0.077971
0.844850; -0.077971
0.844850; -0.077971
0.844850; -0.077971
0.844850; -0.077971
0.844850; -0.077971
0.844850; -0.077971
0.844850; -0.077971
0.844850; -0.077971
0.844850; -0.077971
0.844850; -0.077971
0.844850; -0.077971
0.844850; -0.077971
0.844850; -0.077971
0.844850; -0.077971
0.844850; -0.077971
0.844850; -0.077971
0.844850; -0.077971
0.844850; -0.077971
0.844850; -0.077971
0.844850; -0.077971
0.844850; -0.077971
0.844850; -0.077971
0.844850; -0.077971
0.844850; -0.077971
0.844850; -0.077971
0.844850; -0.077971
0.844850; -0.077971
0.844850; -0.077971
0.844850; -0.077971
0.844850; -0.077971
0.844850; -0.077971
0.844850; -0.077971
0.844850; -0.077971
0.844850; -0.077971
0.844850; -0.077971
0.844850; -0.077971
0.844850; -0.077971
0.844850; -0.077971
0.844850; -0.077971
0.844850; -0.077971
0.844850; -0.077971
0.844850; -0.077971
0.844850; -0.077971
0.844850; -0.077971
0.844850; -0.077971
0.844850; -0.077971
0.844850; -0.077971
0.844850; -0.077971
0.844850; -0.077971
0.844850; -0.077971
0.844850; -0.077971
0.844850; -0.077971
0.844850; -0.077971
0.844850; -0.077971
0.844850; -0.077971
0.844850; -0.077971
0.844850; -0.077971
0.844850; -0.077971
0.844850; -0.077971
0.844850; -0.077971
0.844850; -0.077971
0.844850; -0.077971
0.844850; -0.077971
0.844850; -0.077971
0.844850; -0.077971
0.844850; -0.077971
0.844850; -0.077971
0.844850; -0.077971
0.844850; -0.077971
0.844850; -0.077971
0.844850; -0.077971
0.844850; -0.077971
0.844850; -0.077971
0.844850; -0.077971
0.844850; -0.077971
0.844850; -0.077971
0.844850; -0.077971
0.844850; -0.077971
0.844850; -0.077971
0.844850; -0.077971
0.844850; -0.077971
0.844850; -0.077971
0.844850; -0.077971
0.844850; -0.077971
0.844850; -0.077971
0.844850; -0.077971
0.844850; -0.077971
0.844850; -0.077971
0.844850; -0.077971
0.844850; -0.077971
0.844850; -0.077971
0.844850; -0.077971
0.844850; -0.077971
0.844850; -0.077971
0.844850; -0.077971
0.844850; -0.077971
0.844850; -0.077971
0.844850; -0.077971
0.844850; -0.077971
0.844850; -0.077971
0.844850; -0.077971
0.844850; -0.077971
0.844850; -0.077971
0.844850; -0.077971
0.844850; -0.077971
0.844850; -0.077971
0.844850; -0.077971
0.844850; -0.077971
0.844850; -0.077971
0.844850; -0.077971
0.844850; -0.077971
0.844850; -0.077971
0.844850; -0.077971
0.844850; -0.077971
0.844850; -0.077971
0.844850; -0.077971
0.844850; -0.077971
0.844850; -0.077971
0.844850; -0.077971
0.844850; -0.077971
0.844850; -0.077971
0.844850; -0.077971
0.844850; -0.077971
0.844850; -0.077971
0.844850; -0.077971
0.844850; -0.077971
0.844850; -0.077971
0.844850; -0.077971
0.844850; -0.077971
0.844850; -0.077971
0.844850; -0.077971
0.844850; -0.077971
0.844850; -0.077971
0.844850; -0.077971
0.844850; -0.077971
0.844850; -0.077971
0.844850; -0.077971
0.844850; -0.077971
0.844850; -0.077971
0.844850; -0.077971
0.844850; -0.077971
0.844850; -0.077971
0.844850; -0.077971
0.844850; -0.077971
0.844850; -0.077971
0.844850; -0.077971
0.844850; -0.077971
0.844850; -0.077971
0.844850; -0.077971
0.844850; -0.077971
0.844850; -0.077971
0.844850; -0.077971
0.844850; -0.077971
0.844850; -0.077971
0.844850; -0.077971
0.844850; -0.077971
0.844850; -0.077971
0.844850; -0.077971
0.844850; -0.077971
0.844850; -0.077971
0.844850; -0.077971
0.844850; -0.077971
0.844850; -0.077971
0.844850; -0.077971
0.844850; -0.077971
0.844850; -0.077971
0.844850; -0.077971
0.844850; -0.077971
0.844850; -0.077971
0.844850; -0.077971
0.844850; -0.077971
0.844850; -0.077971
0.844850; -0.077971
0.844850; -0.077971
0.844850; -0.077971
0.844850; -0.077971
0.844850; -0.077971
0.844850; -0.077971
0.844850; -0.077971
0.844850; -0.077971
0.844850; -0.077971
0.844850; -0.077971
0.844850; -0.077971
0.844850; -0.077971
0.844850; -0.077971
0.844850; -0.077971
0.844850; -0.077971
0.844850; -0.077971
0.844850; -0.077971
0.844850; -0.077971
0.844850; -0.077971
0.844850; -0.077972
0.844850; -0.077972
0.844850; -0.077972
0.844850; -0.077972
0.844850; -0.077972
0.844850; -0.077972
0.844850; -0.077972
0.844850; -0.077972
0.844850; -0.077972
0.844850; -0.077972
0.844850; -0.077972
0.844850; -0.077972
0.844850; -0.077972
0.844850; -0.077972
0.844850; -0.077972
0.844850; -0.077972
0.844850; -0.077972
0.844850; -0.077972
0.844850; -0.077972
0.844850; -0.077972
0.844850; -0.077972
0.844850; -0.077972
0.844850; -0.077972
0.844850; -0.077972
0.844850; -0.077972
0.844850; -0.077972
0.844850; -0.077972
0.844850; -0.077972
0.844850; -0.077972
0.844850; -0.077972
0.844850; -0.077972
0.844850; -0.077972
0.844850; -0.077972
0.844850; -0.077972
0.844850; -0.077972
0.844850; -0.077972
0.844850; -0.077972
0.844850; -0.077972
0.844850; -0.077972
0.844850; -0.077972
0.844850; -0.077972
0.844850; -0.077972
0.844850; -0.077972
0.844850; -0.077972
0.844850; -0.077972
0.844850; -0.077972
0.844850; -0.077972
0.844850; -0.077972
0.844850; -0.077972
0.844850; -0.077972
0.844850; -0.077972
0.844850; -0.077972
0.844850; -0.077972
0.844850; -0.077972
0.844850; -0.077972
0.844850; -0.077972
0.844850; -0.077972
0.844850; -0.077972
0.844850; -0.077972
0.844850; -0.077972
0.844850; -0.077972
0.844850; -0.077972
0.844850; -0.077972
0.844850; -0.077972
0.844850; -0.077972
0.844850; -0.077972
0.844850; -0.077972
0.844850; -0.077972
0.844850; -0.077972
0.844850; -0.077972
0.844850; -0.077972
0.844850; -0.077972
0.844850; -0.077972
0.844850; -0.077972
0.844850; -0.077972
0.844850; -0.077972
0.844850; -0.077972
0.844850; -0.077972
0.844850; -0.077972
0.844850; -0.077972
0.844850; -0.077972
0.844850; -0.077972
0.844850; -0.077972
0.844850; -0.077972
0.844850; -0.077972
0.844850; -0.077972
0.844850; -0.077972
0.844850; -0.077972
0.844850; -0.077972
0.844850; -0.077972
0.844850; -0.077972
0.844850; -0.077972
0.844850; -0.077972
0.844850; -0.077972
0.844850; -0.077972
0.844850; -0.077972
0.844850; -0.077972
0.844850; -0.077972
0.844850; -0.077972
0.844850; -0.077972
0.844850; -0.077972
0.844850; -0.077972
0.844850; -0.077972
0.844850; -0.077972
0.844850; -0.077972
0.844850; -0.077972
0.844850; -0.077972
0.844850; -0.077972
0.844850; -0.077972
0.844850; -0.077972
0.844850; -0.077972
0.844850; -0.077972
0.844850; -0.077972
0.844850; -0.077972
0.844850; -0.077972
0.844850; -0.077972
0.844850; -0.077972
0.844850; -0.077972
0.844850; -0.077972
0.844850; -0.077972
0.844850; -0.077972
0.844850; -0.077972
0.844850; -0.077972
0.844850; -0.077972
0.844850; -0.077972
0.844850; -0.077972
0.844850; -0.077972
0.844850; -0.077972
0.844850; -0.077972
0.844850; -0.077972
0.844850; -0.077972
0.844850; -0.077972
0.844850; -0.077972
0.844850; -0.077972
0.844850; -0.077972
0.844850; -0.077972
0.844850; -0.077972
0.844850; -0.077972
0.844850; -0.077972
0.844850; -0.077972
0.844850; -0.077972
0.844850; -0.077972
0.844850; -0.077972
0.844850; -0.077972
0.844850; -0.077972
0.844850; -0.077972
0.844850; -0.077972
0.844850; -0.077972
0.844850; -0.077972
0.844850; -0.077972
0.844850; -0.077972
0.844850; -0.077972
0.844850; -0.077972
0.844850; -0.077972
0.844850; -0.077972
0.844850; -0.077972
0.844850; -0.077972
0.844850; -0.077972
0.844850; -0.077972
0.844850; -0.077972
0.844850; -0.077972
0.844850; -0.077972
0.844850; -0.077972
0.844850; -0.077972
0.844850; -0.077972
0.844850; -0.077972
0.844850; -0.077972
0.844850; -0.077972
0.844850; -0.077972
0.844850; -0.077972
0.844850; -0.077972
0.844850; -0.077972
0.844850; -0.077972
0.844850; -0.077972
0.844850; -0.077972
0.844850; -0.077972
0.844850; -0.077972
0.844850; -0.077972
0.844850; -0.077972
0.844850; -0.077972
0.844850; -0.077972
0.844850; -0.077972
0.844850; -0.077972
0.844850; -0.077972
0.844850; -0.077972
0.844850; -0.077972
0.844850; -0.077972
0.844850; -0.077972
0.844850; -0.077972
0.844850; -0.077972
0.844850; -0.077972
0.844850; -0.077972
0.844850; -0.077972
0.844850; -0.077972
0.844850; -0.077972
0.844850; -0.077972
0.844850; -0.077972
0.844850; -0.077972
0.844850; -0.077972
0.844850; -0.077972
0.844850; -0.077972
0.844850; -0.077972
0.844850; -0.077972
0.844850; -0.077972
0.844850; -0.077972
0.844850; -0.077972
0.844850; -0.077972
0.844850; -0.077972
0.844850; -0.077972
0.844850; -0.077972
0.844850; -0.077972
0.844850; -0.077972
0.844850; -0.077972
0.844850; -0.077972
0.844850; -0.077972
0.844850; -0.077972
0.844850; -0.077972
0.844850; -0.077972
0.844850; -0.077972
0.844850; -0.077972
0.844850; -0.077972
0.844850; -0.077972
0.844850; -0.077972
0.844850; -0.077972
0.844850; -0.077972
0.844850; -0.077972
0.844850; -0.077972
0.844850; -0.077972
0.844850; -0.077972
0.844850; -0.077972
0.844850; -0.077972
0.844850; -0.077972
0.844850; -0.077972
0.844850; -0.077972
0.844850; -0.077972
0.844850; -0.077972
0.844850; -0.077972
0.844850; -0.077972
0.844850; -0.077972
0.844850; -0.077972
0.844850; -0.077972
0.844850; -0.077972
0.844850; -0.077972
0.844850; -0.077972
0.844850; -0.077972
0.844850; -0.077972
0.844850; -0.077972
0.844850; -0.077972
0.844850; -0.077972
0.844850; -0.077972
0.844850; -0.077972
0.844850; -0.077972
0.844850; -0.077972
0.844850; -0.077972
0.844850; -0.077972
0.844850; -0.077972
0.844850; -0.077972
0.844850; -0.077972
0.844850; -0.077972
0.844850; -0.077972
0.844850; -0.077972
0.844850; -0.077972
0.844850; -0.077972
0.844850; -0.077972
0.844850; -0.077972
0.844850; -0.077972
0.844850; -0.077972
0.844850; -0.077972
0.844850; -0.077972
0.844850; -0.077972
0.844850; -0.077972
0.844850; -0.077972
0.844850; -0.077972
0.844850; -0.077972
0.844850; -0.077972
0.844850; -0.077972
0.844850; -0.077972
0.844850; -0.077972
0.844850; -0.077972
0.844850; -0.077972
0.844850; -0.077972
0.844850; -0.077972
0.844850; -0.077972
0.844850; -0.077972
0.844850; -0.077972
0.844850; -0.077972
0.844850; -0.077972
0.844850; -0.077972
0.844850; -0.077972
0.844850; -0.077972
0.844850; -0.077972
0.844850; -0.077972
0.844850; -0.077972
0.844850; -0.077972
0.844850; -0.077972
0.844850; -0.077972
0.844850; -0.077972
0.844850; -0.077972
0.844850; -0.077972
0.844850; -0.077972
0.844850; -0.077972
0.844850; -0.077972
0.844850; -0.077972
0.844850; -0.077972
0.844850; -0.077972
0.844850; -0.077972
0.844850; -0.077972
0.844850; -0.077972
0.844850; -0.077972
0.844850; -0.077972
0.844850; -0.077972
0.844850; -0.077972
0.844850; -0.077972
0.844850; -0.077972
0.844850; -0.077972
0.844850; -0.077972
0.844850; -0.077972
0.844850; -0.077972
0.844850; -0.077972
0.844850; -0.077972
0.844850; -0.077972
0.844850; -0.077972
0.844850; -0.077972
0.844850; -0.077972
0.844850; -0.077972
0.844850; -0.077972
0.844850; -0.077972
0.844850; -0.077972
0.844850; -0.077972
0.844850; -0.077972
0.844850; -0.077972
0.844850; -0.077972
0.844850; -0.077972
0.844850; -0.077972
0.844850; -0.077972
0.844850; -0.077972
0.844850; -0.077972
0.844850; -0.077972
0.844850; -0.077972
0.844850; -0.077972
0.844850; -0.077972
0.844850; -0.077972
0.844850; -0.077972
0.844850; -0.077972
0.844850; -0.077972
0.844850; -0.077972
0.844850; -0.077972
0.844850; -0.077972
0.844850; -0.077972
0.844850; -0.077972
0.844850; -0.077972
0.844850; -0.077972
0.844850; -0.077972
0.844850; -0.077972
0.844850; -0.077972
0.844850; -0.077972
0.844850; -0.077972
0.844850; -0.077972
0.844850; -0.077972
0.844850; -0.077972
0.844850; -0.077972
0.844850; -0.077972
0.844850; -0.077972
0.844850; -0.077972
0.844850; -0.077972
0.844850; -0.077972
0.844850; -0.077972
0.844850; -0.077972
0.844850; -0.077972
0.844850; -0.077972
0.844850; -0.077972
0.844850; -0.077972
0.844850; -0.077972
0.844850; -0.077972
0.844850; -0.077972
0.844850; -0.077972
0.844850; -0.077972
0.844850; -0.077972
0.844850; -0.077972
0.844850; -0.077972
0.844850; -0.077972
0.844850; -0.077972
0.844850; -0.077972
0.844850; -0.077972
0.844850; -0.077972
0.844850; -0.077972
0.844850; -0.077972
0.844850; -0.077972
0.844850; -0.077972
0.844850; -0.077972
0.844850; -0.077972
0.844850; -0.077972
0.844850; -0.077972
0.844850; -0.077972
0.844850; -0.077972
0.844850; -0.077972
0.844850; -0.077972
0.844850; -0.077972
0.844850; -0.077972
0.844850; -0.077972
0.844850; -0.077972
0.844850; -0.077972
0.844850; -0.077972
0.844850; -0.077972
0.844850; -0.077972
0.844850; -0.077972
0.844850; -0.077972
0.844850; -0.077972
0.844850; -0.077972
0.844850; -0.077972
0.844850; -0.077972
0.844850; -0.077972
0.844850; -0.077972
0.844850; -0.077972
0.844850; -0.077972
0.844850; -0.077972
0.844850; -0.077972
0.844850; -0.077972
0.844850; -0.077972
0.844850; -0.077972
0.844850; -0.077972
0.844850; -0.077972
0.844850; -0.077972
0.844850; -0.077972
0.844850; -0.077972
0.844850; -0.077972
0.844850; -0.077972
0.844850; -0.077972
0.844850; -0.077972
0.844850; -0.077972
0.844850; -0.077972
0.844850; -0.077972
0.844850; -0.077972
0.844850; -0.077972
0.844850; -0.077972
0.844850; -0.077972
0.844850; -0.077972
0.844850; -0.077972
0.844850; -0.077972
0.844850; -0.077972
0.844850; -0.077972
0.844850; -0.077972
0.844850; -0.077972
0.844850; -0.077972
0.844850; -0.077972
0.844850; -0.077972
0.844850; -0.077972
0.844850; -0.077972
0.844850; -0.077972
0.844850; -0.077972
0.844850; -0.077972
0.844850; -0.077972
0.844850; -0.077972
0.844850; -0.077972
0.844850; -0.077972
0.844850; -0.077972
0.844850; -0.077972
0.844850; -0.077972
0.844850; -0.077972
0.844850; -0.077972
0.844850; -0.077972
0.844850; -0.077972
0.844850; -0.077972
0.844850; -0.077972
0.844850; -0.077972
0.844850; -0.077972
0.844850; -0.077972
0.844850; -0.077972
0.844850; -0.077972
0.844850; -0.077972
0.844850; -0.077972
0.844850; -0.077972
0.844850; -0.077972
0.844850; -0.077972
0.844850; -0.077972
0.844850; -0.077972
0.844850; -0.077972
0.844850; -0.077972
0.844850; -0.077972
0.844850; -0.077972
0.844850; -0.077972
0.844850; -0.077972
0.844850; -0.077972
0.844850; -0.077972
0.844850; -0.077972
0.844850; -0.077972
0.844850; -0.077972
0.844850; -0.077972
0.844850; -0.077972
0.844850; -0.077972
0.844850; -0.077972
0.844850; -0.077972
0.844850; -0.077972
0.844850; -0.077972
0.844850; -0.077972
0.844850; -0.077972
0.844850; -0.077972
0.844850; -0.077972
0.844850; -0.077972
0.844850; -0.077972
0.844850; -0.077972
0.844850; -0.077972
0.844850; -0.077972
0.844850; -0.077972
0.844850; -0.077972
0.844850; -0.077972
0.844850; -0.077972
0.844850; -0.077972
0.844850; -0.077972
0.844850; -0.077972
0.844850; -0.077972
0.844850; -0.077972
0.844850; -0.077972
0.844850; -0.077972
0.844850; -0.077972
0.844850; -0.077972
0.844850; -0.077972
0.844850; -0.077972
0.844850; -0.077972
0.844850; -0.077972
0.844850; -0.077972
0.844850; -0.077972
0.844850; -0.077972
0.844850; -0.077972
0.844850; -0.077972
0.844850; -0.077972
0.844850; -0.077972
0.844850; -0.077972
0.844850; -0.077972
0.844850; -0.077972
0.844850; -0.077972
0.844850; -0.077972
0.844850; -0.077972
0.844850; -0.077972
0.844850; -0.077972
0.844850; -0.077972
0.844850; -0.077972
0.844850; -0.077972
0.844850; -0.077972
0.844850; -0.077972
0.844850; -0.077972
0.844850; -0.077972
0.844850; -0.077972
0.844850; -0.077972
0.844850; -0.077972
0.844850; -0.077972
0.844850; -0.077972
0.844850; -0.077972
0.844850; -0.077972
0.844850; -0.077972
0.844850; -0.077972
0.844850; -0.077972
0.844850; -0.077972
0.844850; -0.077972
0.844850; -0.077972
0.844850; -0.077972
0.844850; -0.077972
0.844850; -0.077972
0.844850; -0.077972
0.844850; -0.077972
0.844850; -0.077972
0.844850; -0.077972
0.844850; -0.077972
0.844850; -0.077972
0.844850; -0.077972
0.844850; -0.077972
0.844850; -0.077972
0.844850; -0.077972
0.844850; -0.077972
0.844850; -0.077972
0.844850; -0.077972
0.844850; -0.077972
0.844850; -0.077972
0.844850; -0.077972
0.844850; -0.077972
0.844850; -0.077972
0.844850; -0.077972
0.844850; -0.077972
0.844850; -0.077972
0.844850; -0.077972
0.844850; -0.077972
0.844850; -0.077972
0.844850; -0.077972
0.844850; -0.077972
0.844850; -0.077972
0.844850; -0.077972
0.844850; -0.077972
0.844850; -0.077972
0.844850; -0.077972
0.844850; -0.077972
0.844850; -0.077972
0.844850; -0.077972
0.844850; -0.077972
0.844850; -0.077972
0.844850; -0.077972
0.844850; -0.077972
0.844850; -0.077972
0.844850; -0.077972
0.844850; -0.077972
0.844850; -0.077972
0.844850; -0.077972
0.844850; -0.077972
0.844850; -0.077972
0.844850; -0.077972
0.844850; -0.077972
0.844850; -0.077972
0.844850; -0.077972
0.844850; -0.077972
0.844850; -0.077972
0.844850; -0.077972
0.844850; -0.077972
0.844850; -0.077972
0.844850; -0.077972
0.844850; -0.077972
0.844850; -0.077972
0.844850; -0.077972
0.844850; -0.077972
0.844850; -0.077972
0.844850; -0.077972
0.844850; -0.077972
0.844850; -0.077972
0.844850; -0.077972
0.844850; -0.077972
0.844850; -0.077972
0.844850; -0.077972
0.844850; -0.077972
0.844850; -0.077972
0.844850; -0.077972
0.844850; -0.077972
0.844850; -0.077971
0.844850; -0.077971
0.844850; -0.077971
0.844850; -0.077971
0.844850; -0.077971
0.844850; -0.077971
0.844850; -0.077971
0.844850; -0.077971
0.844850; -0.077971
0.844850; -0.077971
0.844850; -0.077971
0.844850; -0.077971
0.844850; -0.077971
0.844850; -0.077971
0.844850; -0.077971
0.844850; -0.077971
0.844850; -0.077971
0.844850; -0.077971
0.844850; -0.077971
0.844850; -0.077971
0.844850; -0.077971
0.844850; -0.077971
0.844850; -0.077971
0.844850; -0.077971
0.844850; -0.077971
0.844850; -0.077971
0.844850; -0.077971
0.844850; -0.077971
0.844850; -0.077971
0.844850; -0.077971
0.844850; -0.077971
0.844850; -0.077971
0.844850; -0.077971
0.844850; -0.077971
0.844850; -0.077971
0.844850; -0.077971
0.844850; -0.077971
0.844850; -0.077971
0.844850; -0.077971
0.844850; -0.077971
0.844850; -0.077971
0.844850; -0.077971
0.844850; -0.077971
0.844850; -0.077971
0.844850; -0.077971
0.844850; -0.077971
0.844850; -0.077971
0.844850; -0.077971
0.844850; -0.077971
0.844850; -0.077971
0.844850; -0.077971
0.844850; -0.077971
0.844850; -0.077971
0.844850; -0.077971
0.844850; -0.077971
0.844850; -0.077971
0.844850; -0.077971
0.844850; -0.077971
0.844850; -0.077971
0.844850; -0.077971
0.844850; -0.077971
0.844850; -0.077971
0.844850; -0.077971
0.844850; -0.077971
0.844850; -0.077971
0.844850; -0.077971
0.844850; -0.077971
0.844850; -0.077971
0.844850; -0.077971
0.844850; -0.077971
0.844850; -0.077971
0.844850; -0.077971
0.844850; -0.077971
0.844850; -0.077971
0.844850; -0.077971
0.844850; -0.077971
0.844850; -0.077971
0.844850; -0.077971
0.844850; -0.077971
0.844850; -0.077971
0.844850; -0.077971
0.844850; -0.077971
0.844850; -0.077971
0.844850; -0.077971
0.844850; -0.077971
0.844850; -0.077971
0.844850; -0.077971
0.844850; -0.077971
0.844850; -0.077971
0.844850; -0.077971
0.844850; -0.077971
0.844850; -0.077971
0.844850; -0.077971
0.844850; -0.077971
0.844850; -0.077971
0.844850; -0.077971
0.844850; -0.077971
0.844850; -0.077971
0.844850; -0.077971
0.844850; -0.077971
0.844850; -0.077971
0.844850; -0.077971
0.844850; -0.077971
0.844850; -0.077971
0.844850; -0.077971
0.844850; -0.077971
0.844850; -0.077971
0.844850; -0.077971
0.844850; -0.077971
0.844850; -0.077971
0.844850; -0.077971
0.844850; -0.077971
0.844850; -0.077971
0.844850; -0.077971
0.844850; -0.077971
0.844850; -0.077971
0.844850; -0.077971
0.844850; -0.077971
0.844850; -0.077971
0.844850; -0.077971
0.844850; -0.077971
0.844850; -0.077971
0.844850; -0.077971
0.844850; -0.077971
0.844850; -0.077971
0.844850; -0.077971
0.844850; -0.077971
0.844850; -0.077971
0.844850; -0.077971
0.844850; -0.077971
0.844850; -0.077971
0.844850; -0.077971
0.844850; -0.077971
0.844850; -0.077971
0.844850; -0.077971
0.844850; -0.077971
0.844850; -0.077971
0.844850; -0.077971
0.844850; -0.077971
0.844850; -0.077971
0.844850; -0.077971
0.844850; -0.077971
0.844850; -0.077971
0.844850; -0.077971
0.844850; -0.077971
0.844850; -0.077971
0.844850; -0.077971
0.844850; -0.077971
0.844850; -0.077971
0.844850; -0.077971
0.844850; -0.077971
0.844850; -0.077971
0.844850; -0.077971
0.844850; -0.077971
0.844850; -0.077971
0.844850; -0.077971
0.844850; -0.077971
0.844850; -0.077971
0.844850; -0.077971
0.844850; -0.077971
0.844850; -0.077971
0.844850; -0.077971
0.844850; -0.077970
0.844850; -0.077970
0.844850; -0.077970
0.844850; -0.077970
0.844850; -0.077970
0.844850; -0.077970
0.844850; -0.077970
0.844850; -0.077970
0.844850; -0.077970
0.844850; -0.077970
0.844850; -0.077970
0.844850; -0.077970
0.844850; -0.077970
0.844850; -0.077970
0.844850; -0.077970
0.844850; -0.077970
0.844850; -0.077970
0.844850; -0.077970
0.844850; -0.077970
0.844850; -0.077970
0.844850; -0.077970
0.844850; -0.077970
0.844850; -0.077970
0.844850; -0.077970
0.844850; -0.077970
0.844850; -0.077970
0.844850; -0.077970
0.844850; -0.077970
0.844850; -0.077970
0.844850; -0.077970
0.844850; -0.077970
0.844850; -0.077970
0.844850; -0.077970
0.844850; -0.077970
0.844850; -0.077970
0.844850; -0.077970
0.844850; -0.077970
0.844850; -0.077970
0.844850; -0.077970
0.844850; -0.077970
0.844850; -0.077970
0.844850; -0.077970
0.844850; -0.077970
0.844850; -0.077970
0.844850; -0.077970
0.844850; -0.077970
0.844850; -0.077970
0.844850; -0.077970
0.844850; -0.077970
0.844850; -0.077970
0.844850; -0.077970
0.844850; -0.077970
0.844850; -0.077970
0.844850; -0.077970
0.844850; -0.077970
0.844850; -0.077970
0.844850; -0.077970
0.844850; -0.077970
0.844850; -0.077970
0.844850; -0.077970
0.844850; -0.077970
0.844850; -0.077970
0.844850; -0.077970
0.844850; -0.077970
0.844850; -0.077970
0.844850; -0.077970
0.844850; -0.077970
0.844850; -0.077970
0.844850; -0.077970
0.844850; -0.077970
0.844850; -0.077970
0.844850; -0.077970
0.844850; -0.077970
0.844850; -0.077970
0.844850; -0.077970
0.844850; -0.077970
0.844850; -0.077970
0.844850; -0.077970
0.844850; -0.077970
0.844850; -0.077970
0.844850; -0.077970
0.844850; -0.077970
0.844850; -0.077970
0.844850; -0.077970
0.844850; -0.077970
0.844850; -0.077970
0.844850; -0.077970
0.844850; -0.077970
0.844850; -0.077970
0.844850; -0.077970
0.844850; -0.077970
0.844850; -0.077970
0.844850; -0.077970
0.844850; -0.077970
0.844850; -0.077970
0.844850; -0.077970
0.844850; -0.077970
0.844850; -0.077970
0.844850; -0.077970
0.844850; -0.077970
0.844850; -0.077970
0.844850; -0.077970
0.844850; -0.077970
0.844850; -0.077970
0.844850; -0.077970
0.844850; -0.077970
0.844850; -0.077970
0.844850; -0.077970
0.844850; -0.077970
0.844850; -0.077970
0.844850; -0.077970
0.844850; -0.077970
0.844850; -0.077970
0.844850; -0.077970
0.844850; -0.077970
0.844850; -0.077970
0.844850; -0.077970
0.844850; -0.077970
0.844850; -0.077970
0.844850; -0.077970
0.844850; -0.077970
0.844850; -0.077970
0.844850; -0.077970
0.844850; -0.077970
0.844850; -0.077970
0.844850; -0.077970
0.844850; -0.077970
0.844850; -0.077970
0.844850; -0.077970
0.844850; -0.077970
0.844850; -0.077970
0.844850; -0.077970
0.844850; -0.077970
0.844850; -0.077970
0.844850; -0.077970
0.844850; -0.077970
0.844850; -0.077970
0.844850; -0.077970
0.844850; -0.077970
0.844850; -0.077970
0.844850; -0.077970
0.844850; -0.077970
0.844850; -0.077970
0.844850; -0.077970
0.844850; -0.077970
0.844850; -0.077970
0.844850; -0.077970
0.844850; -0.077970
0.844850; -0.077970
0.844850; -0.077970
0.844850; -0.077970
0.844850; -0.077970
0.844850; -0.077970
0.844850; -0.077970
0.844850; -0.077970
0.844850; -0.077970
0.844850; -0.077970
0.844850; -0.077970
0.844850; -0.077970
0.844850; -0.077970
0.844850; -0.077970
0.844850; -0.077970
0.844850; -0.077970
0.844850; -0.077970
0.844850; -0.077970
0.844850; -0.077970
0.844850; -0.077970
0.844850; -0.077970
0.844850; -0.077970
0.844850; -0.077970
0.844850; -0.077970
0.844850; -0.077970
0.844850; -0.077970
0.844850; -0.077970
0.844850; -0.077970
0.844850; -0.077970
0.844850; -0.077970
0.844850; -0.077970
0.844850; -0.077970
0.844850; -0.077970
0.844850; -0.077970
0.844850; -0.077970
0.844850; -0.077970
0.844850; -0.077970
0.844850; -0.077970
0.844850; -0.077970
0.844850; -0.077970
0.844850; -0.077970
0.844850; -0.077970
0.844850; -0.077970
0.844850; -0.077970
0.844850; -0.077970
0.844850; -0.077970
0.844850; -0.077970
0.844850; -0.077970
0.844850; -0.077970
0.844850; -0.077970
0.844850; -0.077970
0.844850; -0.077970
0.844850; -0.077970
0.844850; -0.077970
0.844850; -0.077970
0.844850; -0.077970
0.844850; -0.077970
0.844850; -0.077970
0.844850; -0.077970
0.844850; -0.077970
0.844850; -0.077970
0.844850; -0.077970
0.844850; -0.077970
0.844850; -0.077970
0.844850; -0.077970
0.844850; -0.077970
0.844850; -0.077970
0.844850; -0.077970
0.844850; -0.077970
0.844850; -0.077970
0.844850; -0.077970
0.844850; -0.077970
0.844850; -0.077970
0.844850; -0.077970
0.844850; -0.077970
0.844850; -0.077970
0.844850; -0.077970
0.844850; -0.077970
0.844850; -0.077970
0.844850; -0.077970
0.844850; -0.077970
0.844850; -0.077970
0.844850; -0.077970
0.844850; -0.077970
0.844850; -0.077970
0.844850; -0.077970
0.844850; -0.077970
0.844850; -0.077970
0.844850; -0.077970
0.844850; -0.077970
0.844850; -0.077970
0.844850; -0.077970
0.844850; -0.077970
0.844850; -0.077970
0.844850; -0.077970
0.844850; -0.077970
0.844850; -0.077970
0.844850; -0.077970
0.844850; -0.077970
0.844850; -0.077970
0.844850; -0.077970
0.844850; -0.077970
0.844850; -0.077970
0.844850; -0.077970
0.844850; -0.077970
0.844850; -0.077970
0.844850; -0.077970
0.844850; -0.077970
0.844850; -0.077970
0.844850; -0.077970
0.844850; -0.077970
0.844850; -0.077970
0.844850; -0.077970
0.844850; -0.077970
0.844850; -0.077970
0.844850; -0.077970
0.844850; -0.077970
0.844850; -0.077970
0.844850; -0.077970
0.844850; -0.077970
0.844850; -0.077970
0.844850; -0.077970
0.844850; -0.077970
0.844850; -0.077970
0.844850; -0.077970
0.844850; -0.077970
0.844850; -0.077970
0.844850; -0.077970
0.844850; -0.077970
0.844850; -0.077970
0.844850; -0.077970
0.844850; -0.077970
0.844850; -0.077970
0.844850; -0.077970
0.844850; -0.077970
0.844850; -0.077970
0.844850; -0.077970
0.844850; -0.077970
0.844850; -0.077970
0.844850; -0.077970
0.844850; -0.077970
0.844850; -0.077970
0.844850; -0.077970
0.844850; -0.077970
0.844850; -0.077970
0.844850; -0.077970
0.844850; -0.077970
0.844850; -0.077970
0.844850; -0.077970
0.844850; -0.077970
0.844850; -0.077970
0.844850; -0.077970
0.844850; -0.077970
0.844850; -0.077970
0.844850; -0.077970
0.844850; -0.077970
0.844850; -0.077970
0.844850; -0.077970
0.844850; -0.077970
0.844850; -0.077970
0.844850; -0.077969
0.844850; -0.077969
0.844850; -0.077969
0.844850; -0.077969
0.844850; -0.077969
0.844850; -0.077969
0.844850; -0.077969
0.844850; -0.077969
0.844850; -0.077969
0.844850; -0.077969
0.844850; -0.077969
0.844850; -0.077969
0.844850; -0.077969
0.844850; -0.077969
0.844850; -0.077969
0.844850; -0.077969
0.844850; -0.077969
0.844850; -0.077969
0.844850; -0.077969
0.844850; -0.077969
0.844850; -0.077969
0.844850; -0.077969
0.844850; -0.077969
0.844850; -0.077969
0.844850; -0.077969
0.844850; -0.077969
0.844850; -0.077969
0.844850; -0.077969
0.844850; -0.077969
0.844850; -0.077969
0.844850; -0.077969
0.844850; -0.077969
0.844850; -0.077969
0.844850; -0.077969
0.844850; -0.077969
0.844850; -0.077969
0.844850; -0.077969
0.844850; -0.077969
0.844850; -0.077969
0.844850; -0.077969
0.844850; -0.077969
0.844850; -0.077969
0.844850; -0.077969
0.844850; -0.077969
0.844850; -0.077969
0.844850; -0.077969
0.844850; -0.077969
0.844850; -0.077969
0.844850; -0.077969
0.844850; -0.077969
0.844850; -0.077969
0.844850; -0.077969
0.844850; -0.077969
0.844850; -0.077969
0.844850; -0.077969
0.844850; -0.077969
0.844850; -0.077969
0.844850; -0.077969
0.844850; -0.077969
0.844850; -0.077969
0.844850; -0.077969
0.844850; -0.077969
0.844850; -0.077969
0.844850; -0.077969
0.844850; -0.077969
0.844850; -0.077969
0.844850; -0.077969
0.844850; -0.077969
0.844850; -0.077969
0.844850; -0.077969
0.844850; -0.077969
0.844850; -0.077969
0.844850; -0.077969
0.844850; -0.077969
0.844850; -0.077969
0.844850; -0.077969
0.844850; -0.077969
0.844850; -0.077969
0.844850; -0.077969
0.844850; -0.077969
0.844850; -0.077969
0.844850; -0.077969
0.844850; -0.077969
0.844850; -0.077969
0.844850; -0.077969
0.844850; -0.077969
0.844850; -0.077969
0.844850; -0.077969
0.844850; -0.077969
0.844850; -0.077969
0.844850; -0.077969
0.844850; -0.077969
0.844850; -0.077969
0.844850; -0.077969
0.844850; -0.077969
0.844850; -0.077969
0.844850; -0.077969
0.844850; -0.077969
0.844850; -0.077969
0.844850; -0.077969
0.844850; -0.077969
0.844850; -0.077969
0.844850; -0.077969
0.844850; -0.077969
0.844850; -0.077969
0.844850; -0.077969
0.844850; -0.077969
0.844850; -0.077969
0.844850; -0.077969
0.844850; -0.077969
0.844850; -0.077969
0.844850; -0.077969
0.844850; -0.077969
0.844850; -0.077969
0.844850; -0.077969
0.844850; -0.077969
0.844850; -0.077969
0.844850; -0.077969
0.844850; -0.077969
0.844850; -0.077969
0.844850; -0.077969
0.844850; -0.077969
0.844850; -0.077969
0.844850; -0.077969
0.844850; -0.077969
0.844850; -0.077969
0.844850; -0.077969
0.844850; -0.077969
0.844850; -0.077969
0.844850; -0.077969
0.844850; -0.077969
0.844850; -0.077969
0.844850; -0.077969
0.844850; -0.077969
0.844850; -0.077969
0.844850; -0.077969
0.844850; -0.077969
0.844850; -0.077969
0.844850; -0.077969
0.844850; -0.077969
0.844850; -0.077969
0.844850; -0.077969
0.844850; -0.077969
0.844850; -0.077969
0.844850; -0.077969
0.844850; -0.077969
0.844850; -0.077969
0.844850; -0.077969
0.844850; -0.077969
0.844850; -0.077969
0.844850; -0.077969
0.844850; -0.077969
0.844850; -0.077969
0.844850; -0.077969
0.844850; -0.077969
0.844850; -0.077969
0.844850; -0.077969
0.844850; -0.077969
0.844850; -0.077969
0.844850; -0.077969
0.844850; -0.077969
0.844850; -0.077969
0.844850; -0.077969
0.844850; -0.077969
0.844850; -0.077969
0.844850; -0.077969
0.844850; -0.077969
0.844850; -0.077969
0.844850; -0.077969
0.844850; -0.077969
0.844850; -0.077969
0.844850; -0.077969
0.844850; -0.077969
0.844850; -0.077969
0.844850; -0.077969
0.844850; -0.077969
0.844850; -0.077969
0.844850; -0.077969
0.844850; -0.077969
0.844850; -0.077969
0.844850; -0.077969
0.844850; -0.077969
0.844850; -0.077969
0.844850; -0.077969
0.844850; -0.077969
0.844850; -0.077969
0.844850; -0.077969
0.844850; -0.077969
0.844850; -0.077969
0.844850; -0.077969
0.844850; -0.077969
0.844850; -0.077969
0.844850; -0.077969
0.844850; -0.077969
0.844850; -0.077969
0.844850; -0.077969
0.844850; -0.077969
0.844850; -0.077969
0.844850; -0.077969
0.844850; -0.077969
0.844850; -0.077969
0.844850; -0.077969
0.844850; -0.077969
0.844850; -0.077969
0.844850; -0.077969
0.844850; -0.077969
0.844850; -0.077969
0.844850; -0.077969
0.844850; -0.077969
0.844850; -0.077969
0.844850; -0.077969
0.844850; -0.077969
0.844850; -0.077969
0.844850; -0.077969
0.844850; -0.077969
0.844850; -0.077969
0.844850; -0.077969
0.844850; -0.077969
0.844850; -0.077969
0.844850; -0.077969
0.844850; -0.077969
0.844850; -0.077969
0.844850; -0.077969
0.844850; -0.077969
0.844850; -0.077969
0.844850; -0.077969
0.844850; -0.077969
0.844850; -0.077969
0.844850; -0.077969
0.844850; -0.077969
0.844850; -0.077969
0.844850; -0.077969
0.844850; -0.077969
0.844850; -0.077969
0.844850; -0.077969
0.844850; -0.077969
0.844850; -0.077969
0.844850; -0.077969
0.844850; -0.077969
0.844850; -0.077969
0.844850; -0.077969
0.844850; -0.077969
0.844850; -0.077969
48.405932; -4.467527
48.405967; -4.467143
48.406057; -4.467128
48.406115; -4.467067
48.406025; -4.467058
48.405937; -4.467093
48.406017; -4.467157
48.406052; -4.467282
0.000000; 0.000000
48.406073; -4.467265
0.000000; 0.000000
48.406072; -4.466962
0.000000; 0.000000
48.406183; -4.467122
48.406115; -4.467033
48.406085; -4.467162
48.406155; -4.467248
48.406168; -4.467113
48.406240; -4.467197
48.406153; -4.467235
48.406073; -4.467172
48.406040; -4.467045
48.406102; -4.467145
48.406180; -4.467075
0.000000; 0.000000
48.406320; -4.467595
48.406267; -4.467468
48.406180; -4.467273
48.406238; -4.467378
48.406168; -4.467292
48.406080; -4.467327
48.405997; -4.467382
48.405953; -4.467503
48.405890; -4.467602
48.405800; -4.467597
48.405710; -4.467588
48.405752; -4.467462
48.405653; -4.467502
48.405568; -4.467552
0.000000; 0.000000
48.405548; -4.467983
48.405500; -4.467868
48.405412; -4.467742
48.405345; -4.467618
0.000000; 0.000000
48.405750; -4.467042
48.405668; -4.466847
48.405675; -4.466710
48.405600; -4.466633
0.000000; 0.000000
48.405555; -4.466507
48.405505; -4.466628
0.000000; 0.000000
48.405978; -4.466668
0.000000; 0.000000
48.405210; -4.465742
0.000000; 0.000000
48.404732; -4.465012
48.404825; -4.465058
48.405190; -4.465780
48.405320; -4.466060
48.405403; -4.466242
48.405472; -4.466392
48.405527; -4.466503
48.405623; -4.466705
48.405540; -4.466650
0.000000; 0.000000
48.406237; -4.467432
48.406132; -4.467475
48.406057; -4.467552
48.406180; -4.467170
48.406110; -4.467083
48.406233; -4.467298
0.000000; 0.000000
48.406303; -4.467365
48.406105; -4.466907
48.406147; -4.467050
48.406108; -4.466927
48.406170; -4.467027
0.000000; 0.000000
48.406157; -4.467128
0.000000; 0.000000
48.406073; -4.467155
0.000000; 0.000000
48.406438; -4.467798
48.406352; -4.467660
48.406220; -4.467457
48.406273; -4.467595
48.406190; -4.467500
0.000000; 0.000000
48.406212; -4.467538
0.000000; 0.000000
48.406100; -4.467650
48.406063; -4.467523
48.405985; -4.467450
0.000000; 0.000000
48.406082; -4.467300
48.406067; -4.467163
48.406012; -4.467055
48.405992; -4.466920
48.406023; -4.466792
48.406072; -4.466677
48.406137; -4.466792
48.406200; -4.450222
48.406290; -4.450202
48.406375; -4.450152
48.406285; -4.450148
48.406373; -4.450122
48.406283; -4.450153
48.406197; -4.450115
48.406213; -4.449978
48.406287; -4.449898
48.406365; -4.449967
48.406453; -4.450000
48.406542; -4.450037
48.406627; -4.450085
48.406540; -4.450122
48.406450; -4.450120
48.406360; -4.450097
48.406268; -4.450072
48.406178; -4.450042
48.406087; -4.450008
48.406002; -4.449962
48.405918; -4.449907
48.405992; -4.449825
48.406083; -4.449833
48.406173; -4.449860
48.406262; -4.449890
0.000000; 0.000000
48.406545; -4.450537
48.406470; -4.450412
48.406375; -4.450337
0.000000; 0.000000
48.406435; -4.450120
48.406342; -4.450030
48.406252; -4.450043
48.406160; -4.450090
48.406255; -4.450093
48.406345; -4.450100
48.406435; -4.450080
48.406355; -4.450015
48.406268; -4.449975
48.406197; -4.450058
0.000000; 0.000000
48.405745; -4.450132
48.405860; -4.450113
48.405968; -4.450110
48.406250; -4.450113
48.406345; -4.450080
48.406438; -4.450068
48.406527; -4.450035
0.000000; 0.000000
48.406368; -4.450127
48.406265; -4.450235
48.406367; -4.450203
48.406505; -4.450162
48.406595; -4.450120
48.406358; -4.450217
48.406268; -4.450250
48.406207; -4.450150
0.000000; 0.000000
48.406440; -4.450192
48.406358; -4.450267
48.406267; -4.450325
48.406170; -4.450380
48.406063; -4.450445
48.405977; -4.450500
48.406503; -4.450077
48.406373; -4.450040
48.406268; -4.450015
48.406178; -4.449965
48.406083; -4.449907
48.406183; -4.449945
48.406282; -4.449967
0.000000; 0.000000
48.406457; -4.450085
0.000000; 0.000000
48.406468; -4.450402
48.406407; -4.450540
48.406368; -4.450685
48.406297; -4.450768
48.406210; -4.450845
48.406127; -4.450790
48.406048; -4.450722
48.406462; -4.450110
48.406555; -4.450093
48.406742; -4.450102
48.406642; -4.450087
48.406548; -4.450078
48.406458; -4.450075
48.406368; -4.450083
48.406278; -4.450073
48.406188; -4.450083
48.406230; -4.450205
48.406202; -4.450335
48.406112; -4.450342
0.000000; 0.000000
48.405468; -4.448895
48.405552; -4.448830
0.000000; 0.000000
48.405288; -4.449642
48.405345; -4.449752
0.000000; 0.000000
48.405773; -4.449878
48.405863; -4.449898
48.405782; -4.449958
48.405682; -4.449998
48.405592; -4.450043
48.405622; -4.450173
0.000000; 0.000000
48.405405; -4.449987
48.405490; -4.450045
0.000000; 0.000000
48.406710; -4.449832
0.000000; 0.000000
48.406020; -4.450043
48.406112; -4.450063
48.406022; -4.450058
48.405945; -4.449987
48.408833; -4.455942
48.406507; -4.450000
48.406418; -4.450030
48.406370; -4.450145
48.406403; -4.450017
48.406490; -4.449973
48.406580; -4.449983
48.406668; -4.450012
48.406758; -4.449997
48.406683; -4.449922
48.406593; -4.449940
48.406528; -4.450035
48.406438; -4.450022
48.406523; -4.449972
48.406443; -4.449908
48.406528; -4.449960
48.406618; -4.449977
48.406528; -4.449973
48.406442; -4.449937
48.406500; -4.450040
48.406590; -4.450057
48.406680; -4.450057
48.406692; -4.450192
48.406602; -4.450215
48.406513; -4.450183
48.406422; -4.450162
48.406337; -4.450212
48.406257; -4.450277
48.406165; -4.450250
48.406075; -4.450243
48.405992; -4.450192
48.405932; -4.450088
48.405865; -4.449992
48.405790; -4.449917
48.405717; -4.449833
48.405657; -4.449730
48.405583; -4.449642
48.405503; -4.449572
48.405453; -4.449455
48.405432; -4.449323
48.405368; -4.449223
48.405282; -4.449180
48.405222; -4.449078
48.405143; -4.449008
48.405047; -4.449008
48.404962; -4.448963
48.404877; -4.448907
48.404790; -4.448865
48.404708; -4.448805
48.404620; -4.448772
48.404527; -4.448750
48.404437; -4.448725
48.404350; -4.448687
48.404273; -4.448612
48.404188; -4.448558
48.404142; -4.448442
48.404052; -4.448450
48.404018; -4.448323
48.403978; -4.448202
48.403900; -4.448133
48.403855; -4.448015
48.403800; -4.447907
48.403762; -4.447783
48.403678; -4.447728
48.403598; -4.447665
48.403598; -4.447472
48.403642; -4.447592
48.403572; -4.447678
48.403482; -4.447697
48.403572; -4.447692
48.403572; -4.447555
48.403495; -4.447477
48.403417; -4.447407
48.403328; -4.447377
48.403245; -4.447322
48.403157; -4.447295
48.403082; -4.447220
48.403058; -4.447088
48.403007; -4.446975
48.402942; -4.446878
48.402885; -4.446772
48.402817; -4.446677
48.402748; -4.446588
48.402767; -4.446455
48.402755; -4.446320
48.402688; -4.446228
48.402643; -4.446108
48.402580; -4.446010
48.402503; -4.445933
48.402445; -4.445828
48.402355; -4.445813
48.402277; -4.445742
48.402232; -4.445623
48.402163; -4.445535
48.402075; -4.445502
48.401990; -4.445457
48.401923; -4.445362
48.401873; -4.445247
48.401847; -4.445115
48.401773; -4.445030
48.401732; -4.444908
48.401677; -4.444798
48.401588; -4.444763
48.401577; -4.444628
48.401568; -4.444493
48.401612; -4.444365
48.401582; -4.444235
48.401537; -4.444117
48.401485; -4.444005
48.401403; -4.443945
48.401335; -4.443850
48.401325; -4.443715
48.401297; -4.443583
48.401275; -4.443452
48.401205; -4.443365
48.401123; -4.443303
48.401048; -4.443228
48.400968; -4.443165
48.400928; -4.443043
48.401018; -4.443067
48.401090; -4.443155
48.401165; -4.443230
48.401238; -4.443312
48.401323; -4.443360
48.401413; -4.443382
48.401427; -4.443518
48.401513; -4.443560
48.401573; -4.443458
48.401555; -4.443325
48.401600; -4.443207
48.401635; -4.443082
48.401715; -4.443015
48.401630; -4.443060
48.401540; -4.443082
48.401532; -4.443218
48.401508; -4.443350
48.401587; -4.443420
48.401657; -4.443507
48.401737; -4.443572
48.401752; -4.443710
48.401792; -4.443832
48.401728; -4.443730
48.401777; -4.443847
48.401868; -4.443823
48.401955; -4.443865
48.401977; -4.443733
48.401937; -4.443612
48.401938; -4.443475
48.401932; -4.443337
48.401893; -4.443213
48.401918; -4.443345
48.401898; -4.443478
48.401942; -4.443598
48.401983; -4.443720
48.401917; -4.443812
48.401832; -4.443767
48.401778; -4.443655
48.401787; -4.443520
48.401723; -4.443423
48.401660; -4.443327
48.401580; -4.443263
48.401647; -4.443355
48.401698; -4.443408
48.401667; -4.443537
48.401580; -4.443577
48.401490; -4.443592
48.401468; -4.443460
48.401390; -4.443387
48.401298; -4.443380
48.401223; -4.443300
48.401150; -4.443217
48.401067; -4.443157
48.401013; -4.443047
48.400938; -4.442970
48.400900; -4.442845
48.400912; -4.442710
48.400917; -4.442573
48.400932; -4.442438
48.400917; -4.442302
48.400923; -4.442165
48.400890; -4.442037
48.400900; -4.441900
48.400885; -4.442037
48.400895; -4.442172
48.400930; -4.442298
48.400940; -4.442433
48.400895; -4.442552
48.400928; -4.442682
48.400933; -4.442818
48.400875; -4.442922
48.400793; -4.442858
48.400737; -4.442748
48.400703; -4.442620
48.400662; -4.442498
48.400653; -4.442363
48.400572; -4.442303
48.400560; -4.442168
48.400577; -4.442035
48.400545; -4.441905
48.400562; -4.441772
48.400525; -4.441647
48.400510; -4.441510
48.400482; -4.441380
48.400470; -4.441245
48.400380; -4.441222
48.400293; -4.441185
48.400213; -4.441122
48.400148; -4.441025
48.400073; -4.440947
48.400013; -4.440845
48.400037; -4.440712
48.399967; -4.440618
48.399903; -4.440518
48.399985; -4.440460
48.400065; -4.440395
48.400143; -4.440467
48.400212; -4.440557
48.400295; -4.440505
48.400238; -4.440612
48.400207; -4.440482
48.400125; -4.440422
48.400042; -4.440370
48.399952; -4.440390
48.399942; -4.440525
48.399953; -4.440660
48.399882; -4.440743
48.399847; -4.440868
48.399772; -4.440943
48.399755; -4.440810
48.399708; -4.440692
48.399628; -4.440622
48.399648; -4.440485
48.399593; -4.440375
48.399503; -4.440363
48.399413; -4.440382
48.399323; -4.440393
48.399330; -4.440530
48.399403; -4.440613
48.399437; -4.440740
48.399500; -4.440838
48.399550; -4.440952
48.399597; -4.441068
48.399632; -4.441193
48.399692; -4.441303
48.399748; -4.441412
48.399822; -4.441498
48.399878; -4.441608
48.399940; -4.441712
48.400015; -4.441787
48.400112; -4.441767
48.400180; -4.441675
48.400172; -4.441538
48.400115; -4.441432
48.400043; -4.441348
48.400055; -4.441213
48.400110; -4.441322
48.400168; -4.441427
48.400248; -4.441502
48.400293; -4.441620
48.400313; -4.441753
48.400318; -4.441890
48.400252; -4.441983
48.400240; -4.442118
48.400248; -4.442255
48.400292; -4.442375
48.400312; -4.442510
48.400365; -4.442620
48.400423; -4.442727
48.400508; -4.442775
48.400558; -4.442890
48.400605; -4.443007
48.400665; -4.443108
48.400718; -4.443218
48.400767; -4.443335
48.400813; -4.443457
48.400902; -4.443413
48.400988; -4.443457
48.401027; -4.443580
48.401020; -4.443717
48.401047; -4.443847
48.401128; -4.443905
48.401040; -4.443938
48.401040; -4.444075
48.401107; -4.444167
48.401155; -4.444282
48.401192; -4.444407
48.401262; -4.444493
48.401228; -4.444622
48.401290; -4.444722
48.401372; -4.444782
48.401443; -4.444868
48.401522; -4.444937
48.401590; -4.445025
48.401635; -4.445147
48.401672; -4.445272
48.401762; -4.445257
48.401843; -4.445317
48.401907; -4.445417
48.401978; -4.445502
48.402033; -4.445613
48.402075; -4.445735
48.402142; -4.445828
48.402220; -4.445897
48.402295; -4.445972
48.402367; -4.446055
48.402450; -4.446115
48.402467; -4.446248
48.402533; -4.446342
48.402507; -4.446472
48.402593; -4.446508
48.402652; -4.446613
48.402698; -4.446730
48.402763; -4.446825
48.402828; -4.446922
48.402870; -4.447047
48.402917; -4.447165
48.402983; -4.447257
48.402993; -4.447392
48.403035; -4.447517
48.403100; -4.447612
48.403172; -4.447697
48.403233; -4.447797
48.403312; -4.447867
48.403238; -4.447947
48.403247; -4.448085
48.403328; -4.448145
48.403395; -4.448245
48.403483; -4.448280
48.403548; -4.448377
48.403637; -4.448410
48.403723; -4.448448
48.403792; -4.448540
48.403872; -4.448603
48.403820; -4.448715
48.403852; -4.448843
48.403895; -4.448967
48.403970; -4.449045
48.404025; -4.449153
48.404113; -4.449180
48.404198; -4.449228
48.404282; -4.449285
48.404372; -4.449263
48.404458; -4.449307
48.404548; -4.449272
48.404627; -4.449203
48.404705; -4.449275
48.404772; -4.449367
48.404838; -4.449458
48.404927; -4.449432
48.405018; -4.449423
48.405088; -4.449510
48.405155; -4.449602
48.405202; -4.449720
48.405260; -4.449827
48.405302; -4.449950
48.405358; -4.450063
48.405430; -4.450147
48.405508; -4.450218
48.405555; -4.450342
48.405602; -4.450460
48.405682; -4.450527
48.405763; -4.450465
48.405797; -4.450338
48.405883; -4.450302
48.405973; -4.450322
48.406063; -4.450340
48.406153; -4.450363
48.406220; -4.450268
48.406242; -4.450135
48.406332; -4.450152
48.406407; -4.450077
48.406325; -4.450138
